coroutine1 Output File 
Time 	Trial 	TargetName 	TargetNumber	HeadX 	HeadZ 	HeadAngle	LFootX 	LFootZ 	LFootAngle 	RFootX 	RFootZ 	RFootAngle	IsPredictedLocation
39640.64	1	book	1	-2.898398	0.6534111	95.38257	-2.854236	-0.09683585	288.6017	-2.693998	0.3229809	292.1744	0
39675.08	1	book	1	-2.898481	0.6534369	95.37692	-2.853968	-0.09701276	288.6105	-2.694014	0.3230042	292.1662	0
39705.73	1	book	1	-2.89847	0.6534822	95.37674	-2.852225	-0.09779382	288.5801	-2.694026	0.3228068	292.1566	0
39737.98	1	book	1	-2.898515	0.6534078	95.36867	-2.851987	-0.09792781	288.5608	-2.694022	0.322794	292.1657	0
39769.63	1	book	1	-2.898525	0.6533895	95.37625	-2.851689	-0.09812188	288.5627	-2.69401	0.3228514	292.1689	0
39802.5	1	book	1	-2.898486	0.6533792	95.36844	-2.85394	-0.09697914	288.5859	-2.694123	0.3229313	292.1563	0
39836.08	1	book	1	-2.898517	0.6533558	95.37707	-2.853729	-0.09709716	288.6064	-2.69406	0.3230486	292.1826	0
39868.25	1	book	1	-2.898554	0.6533613	95.36309	-2.853488	-0.09723449	288.6228	-2.694094	0.3229952	292.1768	0
39900.74	1	book	1	-2.898561	0.6533024	95.36371	-2.852575	-0.09762597	288.6198	-2.694088	0.323046	292.177	0
39933.87	1	book	1	-2.898567	0.6533208	95.35498	-2.852124	-0.09783578	288.6384	-2.694051	0.3231103	292.2063	0
39966.84	1	book	1	-2.898504	0.653188	95.36604	-2.850734	-0.09860444	288.6345	-2.694007	0.3229628	292.188	0
40000.82	1	book	1	-2.898539	0.6532471	95.38295	-2.850415	-0.098809	288.6405	-2.694016	0.3229623	292.1862	0
40032.77	1	book	1	-2.898507	0.6532326	95.35893	-2.851891	-0.09798551	288.668	-2.693941	0.3229949	292.1804	0
40065.59	1	book	1	-2.898525	0.6531503	95.37569	-2.851975	-0.09783864	288.697	-2.693936	0.3229172	292.1829	0
40098.58	1	book	1	-2.898595	0.6532009	95.3634	-2.849231	-0.09908628	288.6819	-2.694067	0.3230169	292.1857	0
40132.88	1	book	1	-2.898565	0.6532278	95.36066	-2.848804	-0.09922695	288.7159	-2.69407	0.3229933	292.1884	0
40165.87	1	book	1	-2.898521	0.6533055	95.3672	-2.849651	-0.09874249	288.7521	-2.69401	0.3229539	292.1749	0
40197.96	1	book	1	-2.89851	0.6533027	95.37453	-2.849107	-0.09901738	288.7521	-2.694066	0.3230093	292.1739	0
40232.42	1	book	1	-2.898546	0.6532731	95.37044	-2.848682	-0.09922957	288.7196	-2.693939	0.3230679	292.1736	0
40264.16	1	book	1	-2.898519	0.6532304	95.35938	-2.848254	-0.09942341	288.7283	-2.694048	0.3232012	292.1744	0
40296.95	1	book	1	-2.898482	0.6531384	95.36498	-2.847684	-0.09978366	288.7007	-2.694012	0.3230722	292.1898	0
40330.51	1	book	1	-2.898507	0.6531751	95.35751	-2.847879	-0.09976792	288.6988	-2.694026	0.3231204	292.1786	0
40363.47	1	book	1	-2.898516	0.6530969	95.37126	-2.848195	-0.09964514	288.6728	-2.693921	0.3230274	292.1704	0
40396.15	1	book	1	-2.89853	0.653096	95.36236	-2.848816	-0.09936929	288.6844	-2.693921	0.3230188	292.1662	0
40429.47	1	book	1	-2.898475	0.653085	95.37423	-2.848426	-0.09955764	288.6951	-2.693863	0.3229434	292.1694	0
40462.63	1	book	1	-2.898501	0.6530247	95.37524	-2.848043	-0.09974027	288.732	-2.693917	0.322942	292.1562	0
40497.08	1	book	1	-2.89847	0.6530635	95.3697	-2.847629	-0.1000147	288.7031	-2.693901	0.3229377	292.1712	0
40529.95	1	book	1	-2.898532	0.6530147	95.35887	-2.847764	-0.09992909	288.615	-2.693997	0.3229525	292.1744	0
40562.32	1	book	1	-2.898583	0.652914	95.35676	-2.845513	-0.101042	288.5423	-2.693985	0.322901	292.1462	0
40595.45	1	book	1	-2.898639	0.6528964	95.37674	-2.844062	-0.1016943	288.7049	-2.694014	0.3228776	292.1251	0
40628.92	1	book	1	-2.898632	0.6528585	95.3717	-2.848003	-0.09982514	288.5731	-2.694032	0.3227725	292.1022	0
40663.15	1	book	1	-2.898654	0.6528528	95.37269	-2.850192	-0.09873199	288.5795	-2.693986	0.3227215	292.1225	0
40694.45	1	book	1	-2.898679	0.6529191	95.36954	-2.849481	-0.09911656	288.5908	-2.693996	0.3226891	292.1208	0
40727.2	1	book	1	-2.898623	0.6529214	95.37125	-2.853652	-0.09699988	288.6599	-2.694062	0.3228557	292.1628	0
40761	1	book	1	-2.898603	0.6528935	95.37043	-2.853463	-0.09702611	288.6546	-2.694072	0.3228478	292.211	0
40793.84	1	book	1	-2.898623	0.652854	95.36503	-2.85331	-0.09706664	288.702	-2.694164	0.3227975	292.1934	0
40827.7	1	book	1	-2.898568	0.6529467	95.36791	-2.853084	-0.09715319	288.6967	-2.694143	0.3226635	292.1989	0
40860.92	1	book	1	-2.898598	0.6529751	95.37224	-2.855179	-0.09625745	288.6323	-2.69415	0.323092	292.1765	0
40893.94	1	book	1	-2.898556	0.6529129	95.36843	-2.853645	-0.09700489	288.6107	-2.694133	0.3230965	292.1744	0
40926.29	1	book	1	-2.898573	0.6529276	95.36053	-2.853673	-0.09690928	288.6235	-2.693938	0.3231385	292.1872	0
40959.09	1	book	1	-2.898659	0.6528609	95.36967	-2.85615	-0.09557819	288.6705	-2.694025	0.3231332	292.1977	0
40993.11	1	book	1	-2.898593	0.6528857	95.38435	-2.856505	-0.09532952	288.7189	-2.694041	0.3229721	292.2101	0
41025.37	1	book	1	-2.898561	0.6528752	95.38276	-2.856349	-0.0953052	288.7236	-2.694002	0.3228862	292.2232	0
41058.09	1	book	1	-2.898553	0.6528184	95.38346	-2.856136	-0.09533668	288.7212	-2.694064	0.3229921	292.2207	0
41090.66	1	book	1	-2.898471	0.6528327	95.36649	-2.855146	-0.09590983	288.7045	-2.694099	0.3229845	292.2326	0
41123.67	1	book	1	-2.898449	0.6527579	95.37067	-2.854955	-0.0959537	288.7066	-2.694021	0.3229716	292.1962	0
41157.71	1	book	1	-2.898483	0.6527598	95.37441	-2.854722	-0.09600735	288.6541	-2.694007	0.3229799	292.1872	0
41189.67	1	book	1	-2.898479	0.652791	95.36858	-2.856907	-0.09530902	288.621	-2.694093	0.3229249	292.1783	0
41221.96	1	book	1	-2.898467	0.652703	95.36617	-2.858714	-0.09455132	288.5685	-2.694026	0.3229182	292.1693	0
41254.45	1	book	1	-2.898447	0.6526158	95.36603	-2.85867	-0.09459424	288.5649	-2.694094	0.3230093	292.1584	0
41287.34	1	book	1	-2.898474	0.6525278	95.35447	-2.857766	-0.09510016	288.5428	-2.694015	0.3229246	292.1462	0
41321.43	1	book	1	-2.898584	0.6525548	95.36311	-2.858	-0.09510994	288.5449	-2.69407	0.3228698	292.1756	0
41353.44	1	book	1	-2.898541	0.6527455	95.35254	-2.857955	-0.09519267	288.5286	-2.693998	0.3230617	292.1611	0
41385.5	1	book	1	-2.898577	0.6527321	95.35909	-2.857892	-0.09520125	288.5757	-2.693946	0.323024	292.1743	0
41418	1	book	1	-2.898582	0.6526713	95.36333	-2.858198	-0.09495401	288.6143	-2.694151	0.3230941	292.1783	0
41450.81	1	book	1	-2.898593	0.6526048	95.36591	-2.860862	-0.09369111	288.5748	-2.694182	0.3230722	292.1814	0
41484.42	1	book	1	-2.898548	0.6526232	95.37021	-2.862994	-0.09263897	288.5914	-2.694093	0.3230875	292.169	0
41516.55	1	book	1	-2.898571	0.6525118	95.36343	-2.863127	-0.09257007	288.5675	-2.694076	0.3229952	292.1705	0
41549.26	1	book	1	-2.898587	0.6527002	95.36883	-2.86242	-0.09288383	288.5241	-2.694004	0.3230093	292.2211	0
41582.03	1	book	1	-2.8986	0.6526704	95.36613	-2.862577	-0.09276152	288.5231	-2.693912	0.3228769	292.1723	0
41616	1	book	1	-2.898635	0.6526349	95.36635	-2.864326	-0.09191966	288.565	-2.693931	0.322896	292.1605	0
41649.32	1	book	1	-2.89869	0.6525311	95.36486	-2.86592	-0.09098172	288.5674	-2.69394	0.3228731	292.1771	0
41682.34	1	book	1	-2.898737	0.6525908	95.37493	-2.867283	-0.09033275	288.6265	-2.693957	0.3228664	292.1747	0
41714.58	1	book	1	-2.89871	0.65253	95.37191	-2.868111	-0.08994174	288.7336	-2.694003	0.3229837	292.1969	0
41747.52	1	book	1	-2.898735	0.6525524	95.35954	-2.867758	-0.09021401	288.5991	-2.693977	0.3230333	292.2042	0
41780.23	1	book	1	-2.898716	0.6525798	95.38351	-2.869304	-0.08945107	288.5595	-2.694006	0.3230958	292.182	0
41814.19	1	book	1	-2.898777	0.6525786	95.36774	-2.869376	-0.08956313	288.4815	-2.693903	0.3229954	292.1699	0
41846.12	1	book	1	-2.898753	0.6527011	95.39052	-2.867605	-0.09047771	288.4187	-2.693968	0.3229907	292.1362	0
41878.65	1	book	1	-2.89865	0.6526406	95.39031	-2.866135	-0.09117651	288.4191	-2.694022	0.3229074	292.0967	0
41911.02	1	book	1	-2.898661	0.6525445	95.37882	-2.867698	-0.09041142	288.4764	-2.694125	0.3229344	292.0847	0
41944.37	1	book	1	-2.898626	0.6526344	95.37682	-2.867036	-0.09066319	288.5154	-2.694124	0.322973	292.0901	0
41979.28	1	book	1	-2.898541	0.6526685	95.3808	-2.867096	-0.09062076	288.5363	-2.694162	0.3229411	292.0796	0
42009.25	1	book	1	-2.898532	0.6526785	95.37627	-2.867198	-0.0905602	288.5553	-2.694142	0.3230398	292.1066	0
42041.38	1	book	1	-2.898626	0.6525433	95.38789	-2.866378	-0.09099841	288.6234	-2.694127	0.3231485	292.1288	0
42073.75	1	book	1	-2.89867	0.6525078	95.38762	-2.866451	-0.09097362	288.6113	-2.694099	0.3230827	292.1506	0
42106.43	1	book	1	-2.898662	0.6526215	95.39056	-2.866521	-0.09091687	288.6378	-2.694082	0.3229761	292.1739	0
42142.59	1	book	1	-2.898689	0.6525273	95.38617	-2.867586	-0.0901773	288.7141	-2.694034	0.3228347	292.1858	0
42173.28	1	book	1	-2.898732	0.6525133	95.3936	-2.867748	-0.08988738	288.8822	-2.69398	0.3229101	292.191	0
42205.07	1	book	1	-2.89869	0.6524727	95.39098	-2.867995	-0.08974814	288.953	-2.693851	0.3228555	292.1699	0
42237.78	1	book	1	-2.898606	0.6523423	95.38438	-2.866654	-0.09021592	289.0278	-2.693995	0.3227634	292.1463	0
42270.61	1	book	1	-2.898572	0.6523807	95.38251	-2.870862	-0.08826709	288.9158	-2.693826	0.3226774	292.1937	0
42304.21	1	book	1	-2.898591	0.6524158	95.37752	-2.874196	-0.08640695	288.9796	-2.693881	0.3230236	292.3011	0
42336.4	1	book	1	-2.898482	0.6524589	95.38416	-2.874385	-0.08616209	289.118	-2.693802	0.3231747	292.3704	0
42369.07	1	book	1	-2.898403	0.652432	95.3743	-2.874416	-0.08621669	289.1792	-2.693742	0.3232915	292.4009	0
42401.54	1	book	1	-2.898429	0.6524563	95.38329	-2.87685	-0.08504486	289.2173	-2.693777	0.3232234	292.4391	0
42434.27	1	book	1	-2.89847	0.6523602	95.37244	-2.877138	-0.08372045	291.0782	-2.69357	0.3232882	292.4448	0
42467.88	1	book	1	-2.898442	0.6524587	95.37825	-2.881741	-0.08192182	290.0542	-2.693629	0.3233945	292.5238	0
42500.14	1	book	1	-2.89842	0.6524351	95.37974	-2.885661	-0.08017802	289.9122	-2.693842	0.3233895	292.571	0
42533.17	1	book	1	-2.898423	0.6524856	95.37272	-2.885911	-0.08014774	289.5636	-2.693783	0.3234813	292.745	0
42568.11	1	book	1	-2.898481	0.652554	95.37587	-2.886371	-0.08002043	289.4691	-2.693898	0.3233106	292.4656	0
42600.94	1	book	1	-2.898491	0.6526186	95.37696	-2.890867	-0.07826829	289.1896	-2.694066	0.3230495	292.1511	0
42634.07	1	book	1	-2.898555	0.6526351	95.37529	-2.891351	-0.07835627	289.1035	-2.694226	0.3228951	291.9495	0
42667.13	1	book	1	-2.898555	0.6527133	95.38653	-2.891139	-0.07861638	288.9573	-2.694396	0.3229234	291.8544	0
42699.47	1	book	1	-2.898604	0.652715	95.37581	-2.892633	-0.07782197	289.0526	-2.694468	0.3231423	291.9704	0
42732.72	1	book	1	-2.898517	0.652642	95.3881	-2.893802	-0.07726932	289.1706	-2.694317	0.3232024	292.0988	0
42766.22	1	book	1	-2.898585	0.652621	95.38704	-2.894431	-0.07702279	289.0977	-2.694201	0.3231518	292.1598	0
42800.77	1	book	1	-2.898713	0.6525683	95.38029	-2.896412	-0.07608032	288.9933	-2.694194	0.3229539	292.1185	0
42832.2	1	book	1	-2.89866	0.6526842	95.39434	-2.894122	-0.07702708	289.1513	-2.694244	0.3230834	292.1024	0
42864.71	1	book	1	-2.898661	0.652638	95.39201	-2.895552	-0.07616615	289.4345	-2.694152	0.3231037	292.1471	0
42897.91	1	book	1	-2.898679	0.6527448	95.39557	-2.896358	-0.07557678	289.6002	-2.69431	0.3231602	292.1386	0
42927.89	1	book	1	-2.898687	0.6527507	95.39193	-2.897038	-0.07498074	289.5823	-2.694235	0.3231361	292.1608	0
42964.17	1	book	1	-2.898647	0.6524169	95.37759	-2.897798	-0.07424378	290.2272	-2.694242	0.3230515	292.1686	0
42996.15	1	book	1	-2.898618	0.6524615	95.38788	-2.898571	-0.07321858	290.8491	-2.694173	0.3230827	292.2194	0
43029.08	1	book	1	-2.898612	0.652523	95.38234	-2.899313	-0.07271457	290.8654	-2.694018	0.3231552	292.2742	0
43061.46	1	book	1	-2.898606	0.6526	95.37679	-2.895872	-0.0737412	291.3386	-2.693914	0.3229377	292.2378	0
43095.75	1	book	1	-2.898525	0.652703	95.369	-2.898682	-0.07249475	291.3716	-2.693888	0.3230312	292.2495	0
43130.11	1	book	1	-2.898517	0.6525948	95.35992	-2.899347	-0.07242966	290.8771	-2.693884	0.3229215	292.2732	0
43160.09	1	book	1	-2.898524	0.6526115	95.3663	-2.899824	-0.07201481	291.0529	-2.693988	0.3228805	292.1958	0
43194.59	1	book	1	-2.898562	0.6526737	95.38769	-2.896445	-0.07352376	290.9912	-2.693975	0.3227961	292.1743	0
43227.11	1	book	1	-2.898563	0.6526415	95.39581	-2.896993	-0.07321715	290.9597	-2.694007	0.3228097	292.1621	0
43259.62	1	book	1	-2.898541	0.6526511	95.39231	-2.896099	-0.07400489	290.8409	-2.693944	0.3228033	292.156	0
43294.4	1	book	1	-2.898669	0.6525946	95.39583	-2.89203	-0.07614207	290.5901	-2.693978	0.3228028	292.1448	0
43326.18	1	book	1	-2.898666	0.6525903	95.40801	-2.892482	-0.07592106	290.56	-2.693992	0.3228676	292.1933	0
43358.82	1	book	1	-2.898595	0.6525819	95.39433	-2.892802	-0.07564425	290.6212	-2.693903	0.3229754	292.2032	0
43391.57	1	book	1	-2.898565	0.6525862	95.3986	-2.893205	-0.07540727	290.6386	-2.693958	0.3230367	292.2245	0
43424.43	1	book	1	-2.898504	0.6526208	95.39173	-2.893631	-0.07517815	290.5691	-2.69397	0.3229868	292.1934	0
43457.82	1	book	1	-2.898457	0.6526318	95.3972	-2.888525	-0.07788086	290.4965	-2.694054	0.3230329	292.1695	0
43490.2	1	book	1	-2.898463	0.652564	95.39308	-2.888869	-0.0776751	290.5076	-2.694152	0.3231752	292.2117	0
43522.7	1	book	1	-2.898512	0.6525178	95.39911	-2.889244	-0.07739806	290.488	-2.694068	0.3230588	292.2069	0
43555.48	1	book	1	-2.898571	0.6524131	95.38958	-2.889671	-0.07685065	290.8648	-2.694136	0.3229735	292.17	0
43588.05	1	book	1	-2.898565	0.6524835	95.40822	-2.889119	-0.07715678	290.9152	-2.694049	0.3229716	292.1669	0
43621.63	1	book	1	-2.898489	0.6525183	95.39445	-2.890193	-0.07657599	291.1266	-2.69397	0.3230045	292.17	0
43653.72	1	book	1	-2.898626	0.6525183	95.39345	-2.890752	-0.07622313	291.4528	-2.693853	0.3229146	292.1338	0
43686.33	1	book	1	-2.898638	0.6525552	95.41246	-2.891317	-0.07612729	291.2265	-2.693923	0.3230183	292.1571	0
43719.04	1	book	1	-2.898681	0.6524892	95.39539	-2.891675	-0.07592201	291.1999	-2.693947	0.3232846	292.3126	0
43752	1	book	1	-2.898682	0.652462	95.40305	-2.890173	-0.07658982	291.4145	-2.693947	0.3230059	292.2388	0
43785.84	1	book	1	-2.898607	0.6525764	95.41019	-2.888264	-0.07766771	291.1957	-2.693969	0.3227887	292.0816	0
43817.88	1	book	1	-2.89862	0.6525133	95.39453	-2.889747	-0.07702899	291.242	-2.693933	0.3228166	292.0634	0
43850.79	1	book	1	-2.898537	0.6526113	95.39417	-2.890055	-0.07704926	291.1761	-2.693933	0.3229344	292.1472	0
43882.56	1	book	1	-2.898522	0.6525826	95.38557	-2.890341	-0.07704902	291.0397	-2.693923	0.3230302	292.2164	0
43915.61	1	book	1	-2.8985	0.6526234	95.39377	-2.88886	-0.07738209	291.2623	-2.693875	0.3230705	292.207	0
43949.44	1	book	1	-2.898456	0.6526206	95.37474	-2.888597	-0.07763314	291.1516	-2.693864	0.3230138	292.1933	0
43981.3	1	book	1	-2.898584	0.6525824	95.36339	-2.888882	-0.07766271	290.8778	-2.693842	0.3229864	292.1802	0
44013.58	1	book	1	-2.898562	0.652457	95.38925	-2.88922	-0.07743859	291.0376	-2.693944	0.3229976	292.194	0
44046.34	1	book	1	-2.898559	0.6522412	95.37553	-2.889078	-0.07744122	291.0061	-2.694041	0.3229306	292.1866	0
44078.6	1	book	1	-2.898558	0.652369	95.37551	-2.889888	-0.07709479	290.9677	-2.693993	0.323168	292.1847	0
44112.19	1	book	1	-2.898569	0.6523452	95.37705	-2.89021	-0.07700419	290.8893	-2.694009	0.3231413	292.198	0
44146.06	1	book	1	-2.89863	0.6523302	95.37893	-2.89053	-0.07666421	290.9815	-2.693942	0.3230908	292.2174	0
44178.32	1	book	1	-2.898658	0.6523027	95.37878	-2.890639	-0.07665038	290.9318	-2.69394	0.3229816	292.1861	0
44211.56	1	book	1	-2.898674	0.6523225	95.38779	-2.89096	-0.0764935	290.8492	-2.693937	0.3228872	292.1932	0
44244.71	1	book	1	-2.898695	0.6523283	95.39681	-2.891338	-0.07615471	290.9857	-2.693985	0.3229325	292.2315	0
44280.64	1	book	1	-2.898736	0.652349	95.38807	-2.892207	-0.07589936	290.9464	-2.694017	0.3228042	292.2137	0
44319.05	1	book	1	-2.898702	0.6522691	95.37498	-2.892633	-0.07565951	290.8875	-2.694032	0.3228431	292.2069	0
44350.84	1	book	1	-2.898625	0.6523209	95.38012	-2.893024	-0.07548761	290.9546	-2.693901	0.3228998	292.21	0
44383.7	1	book	1	-2.898556	0.6523542	95.37868	-2.893366	-0.07536459	290.856	-2.693928	0.3229399	292.213	0
44416.07	1	book	1	-2.898556	0.6523139	95.3849	-2.894278	-0.07490611	290.8638	-2.693921	0.3230131	292.2014	0
44449.7	1	book	1	-2.898566	0.6523619	95.37518	-2.894715	-0.07471251	290.8466	-2.69402	0.3230433	292.172	0
44482.01	1	book	1	-2.898553	0.6523376	95.37733	-2.897588	-0.07351637	290.8383	-2.693974	0.3229105	292.1719	0
44514.26	1	book	1	-2.898664	0.6523407	95.38296	-2.896722	-0.07401919	290.8641	-2.694035	0.3229558	292.2033	0
44546.79	1	book	1	-2.898707	0.6523633	95.37792	-2.897273	-0.07380891	290.8897	-2.694058	0.3229034	292.1896	0
44579.27	1	book	1	-2.898699	0.6523967	95.37661	-2.897781	-0.07365394	290.846	-2.693998	0.323015	292.1967	0
44613.11	1	book	1	-2.898716	0.6523414	95.38678	-2.897228	-0.07402802	290.8521	-2.693995	0.3230581	292.1819	0
44645.24	1	book	1	-2.898656	0.6523001	95.39701	-2.893851	-0.07558632	290.8549	-2.693917	0.3231037	292.1501	0
44678.54	1	book	1	-2.898654	0.6522493	95.39341	-2.894336	-0.07541418	290.8137	-2.693848	0.3229485	292.1399	0
44711.14	1	book	1	-2.89861	0.6522391	95.40316	-2.894851	-0.07517982	290.8498	-2.693933	0.322911	292.1234	0
44743.94	1	book	1	-2.89865	0.6522708	95.40202	-2.889817	-0.07715726	290.9093	-2.693957	0.3228838	292.1314	0
44778.68	1	book	1	-2.898645	0.6522858	95.40541	-2.883099	-0.08044076	290.948	-2.693968	0.3229253	292.1451	0
44810.49	1	book	1	-2.898627	0.6522143	95.39219	-2.883651	-0.0800674	290.9828	-2.694001	0.3229039	292.1622	0
44843.04	1	book	1	-2.89864	0.6523395	95.41178	-2.884005	-0.07986736	290.9761	-2.693904	0.3231289	292.1322	0
44875.86	1	book	1	-2.898655	0.6522992	95.41704	-2.88436	-0.07965636	291.0439	-2.693899	0.3231378	292.1562	0
44908.56	1	book	1	-2.898677	0.6522171	95.41207	-2.883777	-0.08015156	291.0117	-2.693901	0.3231046	292.1728	0
44942.52	1	book	1	-2.898623	0.6521749	95.41496	-2.884171	-0.08003139	291.0536	-2.693917	0.3230474	292.1712	0
44974.72	1	book	1	-2.898557	0.6523619	95.40141	-2.884488	-0.07989001	291.0489	-2.693852	0.3229778	292.1828	0
45006.78	1	book	1	-2.898518	0.6523159	95.4173	-2.884872	-0.07971168	291.0675	-2.693951	0.3229935	292.1729	0
45039.58	1	book	1	-2.898549	0.6523046	95.41357	-2.88196	-0.08108068	291.0547	-2.693913	0.32285	292.1531	0
45072.43	1	book	1	-2.898632	0.6522584	95.42065	-2.882182	-0.0809629	291.0194	-2.693921	0.3228128	292.1596	0
45106.15	1	book	1	-2.898635	0.6521702	95.41924	-2.882506	-0.08085227	291.0239	-2.693928	0.3228199	292.1734	0
45138.32	1	book	1	-2.89867	0.6522641	95.42303	-2.88283	-0.08074069	291.0446	-2.69389	0.3227477	292.1501	0
45170.85	1	book	1	-2.898594	0.6523664	95.42922	-2.883186	-0.08056426	291.0627	-2.693899	0.3228426	292.136	0
45203.32	1	book	1	-2.898639	0.6522994	95.43309	-2.883465	-0.08045316	291.0137	-2.693896	0.3229184	292.1664	0
45236.01	1	book	1	-2.898663	0.6521688	95.42315	-2.883209	-0.08032703	291	-2.693986	0.3229618	292.1651	0
45270.3	1	book	1	-2.898549	0.6522944	95.44118	-2.883016	-0.08037543	290.9897	-2.693949	0.3229849	292.1554	0
45302.19	1	book	1	-2.898552	0.6522133	95.43109	-2.883337	-0.08021402	291.0169	-2.693879	0.3230679	292.1592	0
45335.35	1	book	1	-2.898533	0.6522145	95.43916	-2.883642	-0.08007813	291.0057	-2.693876	0.3230834	292.1633	0
45368.14	1	book	1	-2.898568	0.6522615	95.43476	-2.88399	-0.07986236	290.9803	-2.693904	0.3229463	292.1331	0
45398.11	1	book	1	-2.898555	0.6522729	95.43776	-2.88453	-0.07954001	291.0875	-2.693865	0.3229845	292.1503	0
45428.11	1	book	1	-2.898584	0.6523528	95.44404	-2.878651	-0.08261704	291.0203	-2.693958	0.3230915	292.1801	0
45462.8	1	book	1	-2.898675	0.6522684	95.44397	-2.878886	-0.08248711	291.0445	-2.693978	0.3229668	292.1217	0
45494.52	1	book	1	-2.898696	0.6522703	95.43816	-2.879129	-0.08235931	291.0908	-2.694042	0.3230088	292.1757	0
45527.18	1	book	1	-2.898603	0.6523681	95.44086	-2.879351	-0.08221316	291.0975	-2.693955	0.3232102	292.205	0
45559.69	1	book	1	-2.898603	0.6523967	95.45211	-2.87909	-0.08224511	291.2006	-2.693907	0.3232152	292.2339	0
45593.88	1	book	1	-2.898595	0.6523428	95.44122	-2.878798	-0.08225989	291.0546	-2.693821	0.3232157	292.2743	0
45625.98	1	book	1	-2.898611	0.6522279	95.43604	-2.879097	-0.08227849	291.0376	-2.693952	0.3232615	292.2641	0
45658.77	1	book	1	-2.898546	0.6521659	95.42257	-2.879407	-0.08201241	291.1788	-2.694014	0.3232172	292.2548	0
45690.75	1	book	1	-2.898612	0.6522801	95.43507	-2.877022	-0.08344269	290.9007	-2.694107	0.3230603	292.1876	0
45723.26	1	book	1	-2.898595	0.6521921	95.425	-2.871999	-0.08603835	290.8847	-2.69399	0.3229871	292.1058	0
45756.88	1	book	1	-2.89859	0.6522775	95.42615	-2.874681	-0.08487511	290.8601	-2.69404	0.3229983	292.1075	0
45790.27	1	book	1	-2.898555	0.6521752	95.42947	-2.874799	-0.08472276	290.944	-2.693981	0.3228652	292.1011	0
45822.83	1	book	1	-2.89852	0.6522336	95.42718	-2.875037	-0.08458185	290.9045	-2.694014	0.3228786	292.1544	0
45856.14	1	book	1	-2.898555	0.6522448	95.42694	-2.874796	-0.08447623	291.0452	-2.694001	0.323024	292.2152	0
45889.19	1	book	1	-2.898546	0.6521173	95.4087	-2.873963	-0.08486533	291.1325	-2.693957	0.3230488	292.2368	0
45923.52	1	book	1	-2.898576	0.6522813	95.42307	-2.874119	-0.08475924	291.1521	-2.693968	0.3231704	292.2475	0
45957.41	1	book	1	-2.898602	0.6522129	95.41865	-2.874552	-0.08450413	291.1324	-2.694022	0.323185	292.2475	0
45987.93	1	book	1	-2.89857	0.6522133	95.42115	-2.876053	-0.08388257	291.0854	-2.693977	0.3231366	292.2357	0
46021.84	1	book	1	-2.955384	0.304395	88.61057	-2.846069	-0.4238293	284.2106	-2.713314	0.001834154	285.4113	0
46053.59	1	book	1	-2.966768	0.1596618	85.81325	-2.822322	-0.5622163	281.4191	-2.71008	-0.1308179	282.5963	0
46087.38	1	book	1	-2.966776	0.1597033	85.81824	-2.813402	-0.5646966	281.4349	-2.710013	-0.1307437	282.5931	0
46119.64	1	book	1	-2.966474	0.1648843	85.93173	-2.808844	-0.5613172	281.5911	-2.710226	-0.1259787	282.6831	0
46152.79	1	book	1	-2.937809	0.4433107	91.31586	-2.84924	-0.2944441	286.983	-2.710108	0.1297545	288.1164	0
46186.32	1	book	1	-2.832367	0.8974736	100.3383	-2.858625	0.1539271	296.0125	-2.656421	0.5519285	297.1295	0
46218.68	1	book	1	-2.775926	1.058918	103.6231	-2.841498	0.3158653	299.3027	-2.62035	0.7039721	300.4377	0
46252.36	1	book	1	-2.775873	1.059018	103.6227	-2.840558	0.3152654	299.3254	-2.620341	0.7041047	300.4305	0
46284.98	1	book	1	-2.775843	1.058979	103.6292	-2.840028	0.3148568	299.2884	-2.620405	0.7040927	300.4131	0
46317.18	1	book	1	-2.786769	1.029897	103.0193	-2.842952	0.2848184	298.7107	-2.627556	0.6764388	299.7843	0
46350.58	1	book	1	-2.851831	0.8329661	99.02686	-2.855654	0.08563781	294.6837	-2.668294	0.4915502	295.7682	0
46384.23	1	book	1	-2.95433	0.3148699	88.83099	-2.825494	-0.4214222	284.5061	-2.713202	0.01133466	285.5919	0
46416.89	1	book	1	-2.959663	-0.2597401	77.73268	-2.691339	-0.9575607	273.4271	-2.664662	-0.5112392	274.5359	0
46451.52	1	book	1	-2.837901	-0.8793143	65.5303	-2.428283	-1.504627	261.2237	-2.496439	-1.062732	262.355	0
46484.41	1	book	1	-2.5542	-1.517561	52.02732	-2.010667	-2.030274	247.7323	-2.179408	-1.616233	248.8483	0
46518.11	1	book	1	-2.175793	-2.023115	39.82185	-1.536122	-2.409203	235.5626	-1.788631	-2.040372	236.6294	0
46548.09	1	book	1	-1.74981	-2.401121	28.82929	-1.048052	-2.657997	224.5168	-1.36645	-2.344119	225.6123	0
46578.09	1	book	1	-0.877701	-2.838443	9.916404	-0.1265408	-2.847087	205.6119	-0.5336148	-2.660303	206.7098	0
46610	1	book	1	-0.6218765	-2.905185	4.818344	0.1291308	-2.842555	200.5115	-0.2951125	-2.697187	201.6175	0
46639.97	1	book	1	-0.4484349	-2.936972	1.405847	0.2975644	-2.829649	197.1216	-0.1345809	-2.709944	198.2048	0
46671.7	1	book	1	-0.0923577	-2.969539	354.4958	0.6357216	-2.771887	190.2258	0.1919385	-2.706493	191.3006	0
46701.67	1	book	1	0.3218572	-2.953491	346.4984	1.015475	-2.654882	182.2305	0.5666748	-2.653441	183.3224	0
46731.67	1	book	1	0.8098823	-2.858513	336.9073	1.443962	-2.448054	172.6399	1.001274	-2.521892	173.7132	0
46761.67	1	book	1	1.031696	-2.786155	332.4076	1.631302	-2.324795	168.1393	1.196173	-2.435376	169.205	0
46791.67	1	book	1	0.9682688	-2.809051	333.7028	1.578114	-2.360936	169.452	1.14061	-2.46193	170.4996	0
46821.67	1	book	1	0.8348477	-2.851549	336.4001	1.465128	-2.432298	172.1514	1.023311	-2.512949	173.1982	0
46851.74	1	book	1	0.8199092	-2.85584	336.7105	1.45237	-2.439711	172.4395	1.010319	-2.518139	173.4905	0
46885.03	1	book	1	0.8149164	-2.857311	336.8065	1.448078	-2.441977	172.5341	1.005877	-2.519924	173.5692	0
46920.28	1	book	1	0.8150595	-2.857289	336.8024	1.448464	-2.444268	172.4801	1.005938	-2.519864	173.5676	0
46950.25	1	book	1	0.815059	-2.857289	336.8049	1.448477	-2.444104	172.5095	1.00599	-2.51989	173.5683	0
46982.45	1	book	1	0.8151002	-2.857307	336.8006	1.448359	-2.445419	172.5363	1.00602	-2.519778	173.5824	0
47016.2	1	book	1	0.8150087	-2.857285	336.811	1.448352	-2.445199	172.5257	1.005898	-2.519916	173.5909	0
47048.24	1	book	1	0.815015	-2.857182	336.7979	1.448334	-2.444984	172.5335	1.005955	-2.519869	173.6074	0
47081.27	1	book	1	0.8150247	-2.857166	336.7953	1.448329	-2.446047	172.5561	1.00598	-2.519849	173.5974	0
47114.14	1	book	1	0.8149955	-2.857159	336.7939	1.448735	-2.451802	172.5472	1.005844	-2.519937	173.6202	0
47146.8	1	book	1	0.8150651	-2.857177	336.7984	1.448637	-2.451065	172.5588	1.00582	-2.519923	173.6159	0
47180.33	1	book	1	0.8150551	-2.857213	336.7968	1.448629	-2.450901	172.5548	1.005914	-2.519974	173.6145	0
47212.71	1	book	1	0.814975	-2.857264	336.801	1.448988	-2.456479	172.5488	1.005896	-2.52001	173.6057	0
47244.92	1	book	1	0.8150427	-2.857138	336.7966	1.448695	-2.453582	172.5609	1.005944	-2.51993	173.6103	0
47277.6	1	book	1	0.8150396	-2.857185	336.7878	1.448652	-2.45347	172.5828	1.0059	-2.519908	173.6048	0
47310.29	1	book	1	0.8149332	-2.857153	336.8076	1.449022	-2.455905	172.5426	1.005998	-2.519919	173.6012	0
47343.91	1	book	1	0.8149353	-2.8571	336.7921	1.448691	-2.450999	172.5778	1.005847	-2.520021	173.6129	0
47376.37	1	book	1	0.8149244	-2.857129	336.7927	1.448462	-2.44718	172.5547	1.005849	-2.520017	173.6108	0
47409.14	1	book	1	0.7949743	-2.862891	337.2004	1.431347	-2.457116	172.984	0.9883636	-2.526958	174.0215	0
47441.8	1	book	1	0.6591707	-2.897184	339.8953	1.314036	-2.521701	175.679	0.8682151	-2.57054	176.7195	0
47474.53	1	book	1	0.4811614	-2.932008	343.4033	1.157955	-2.59189	179.1925	0.7096528	-2.618773	180.2316	0
47510.61	1	book	1	0.2393076	-2.961519	348.095	0.941813	-2.6776	183.8874	0.4927485	-2.668144	184.9314	0
47543.68	1	book	1	0.2134464	-2.963474	348.5836	0.9185559	-2.685267	184.3842	0.4693419	-2.672392	185.4349	0
47575.73	1	book	1	0.2082678	-2.963863	348.6995	0.9137297	-2.687322	184.4583	0.4648039	-2.673203	185.5317	0
47605.71	1	book	1	0.2082882	-2.963855	348.6944	0.913614	-2.687884	184.5336	0.4648077	-2.67316	185.5134	0
47639.15	1	book	1	0.1564807	-2.967048	349.695	0.8666446	-2.703113	185.5158	0.418079	-2.68082	186.5032	0
47672.86	1	book	1	-0.03533387	-2.970934	353.3894	0.6905006	-2.753152	189.2008	0.2439583	-2.70231	190.2095	0
47704.88	1	book	1	-0.26305	-2.959395	357.795	0.4773898	-2.797715	193.6113	0.03595543	-2.712975	194.6182	0
47737.33	1	book	1	-0.5046728	-2.927962	2.488822	0.2466947	-2.82715	198.3221	-0.186466	-2.706694	199.3165	0
47769.99	1	book	1	-0.6217639	-2.905347	4.792833	0.1365176	-2.826958	200.6324	-0.2948609	-2.697127	201.5901	0
47802.82	1	book	1	-0.6622494	-2.896395	5.59472	0.09713253	-2.828324	201.4497	-0.3325491	-2.69278	202.4039	0
47837	1	book	1	-0.7378256	-2.878122	7.096195	0.0232876	-2.829532	202.9487	-0.4028599	-2.683125	203.8898	0
47869.38	1	book	1	-0.7979036	-2.862057	8.310323	-0.03568122	-2.829208	204.1158	-0.4590012	-2.674124	205.1036	0
47901.72	1	book	1	-0.87754	-2.83867	9.895597	-0.1131068	-2.824061	205.7481	-0.5334474	-2.660291	206.7043	0
47934.54	1	book	1	-1.039515	-2.783511	13.19842	-0.2751985	-2.812385	209.0461	-0.6857655	-2.625203	210.0086	0
47966.98	1	book	1	-1.39848	-2.621509	20.79359	-0.6443872	-2.750861	216.6509	-1.026743	-2.511389	217.6089	0
48000.48	1	book	1	-1.728662	-2.416626	28.30243	-0.9975241	-2.642832	224.1411	-1.345825	-2.355988	225.1178	0
48033.08	1	book	1	-1.91684	-2.270206	32.88855	-1.205812	-2.553924	228.7816	-1.530396	-2.240413	229.7113	0
48064.99	1	book	1	-2.08536	-2.116436	37.30042	-1.398379	-2.454247	233.1568	-1.697707	-2.116446	234.1169	0
48100.8	1	book	1	-2.210778	-1.98518	40.78979	-1.545086	-2.364017	236.6331	-1.823715	-2.008893	237.6357	0
48133.08	1	book	1	-2.285338	-1.898737	42.99189	-1.631395	-2.301089	238.8444	-1.899451	-1.937449	239.8344	0
48166.13	1	book	1	-2.369253	-1.793152	45.58924	-1.733514	-2.224433	241.4338	-1.985253	-1.849309	242.4164	0
48198.5	1	book	1	-2.494264	-1.614815	49.7934	-1.89263	-2.091968	245.6483	-2.115808	-1.698692	246.6095	0
48231.13	1	book	1	-2.627833	-1.386742	54.90283	-2.070428	-1.91529	250.7188	-2.258378	-1.503868	251.697	0
48263.85	1	book	1	-2.740663	-1.147614	59.99288	-2.231793	-1.723491	255.8465	-2.383145	-1.297133	256.81	0
48297.57	1	book	1	-2.869706	-0.7699435	67.69501	-2.442196	-1.408842	263.5296	-2.535398	-0.9660982	264.5237	0
48330.97	1	book	1	-2.931091	-0.4862492	73.28963	-2.567351	-1.163715	269.1587	-2.617575	-0.7142078	270.1223	0
48363.32	1	book	1	-2.95301	-0.3270816	76.38058	-2.625781	-1.023198	272.2352	-2.652379	-0.5717225	273.2222	0
48397.15	1	book	1	-2.961081	-0.2445502	77.992	-2.653342	-0.9495282	273.8454	-2.667253	-0.497439	274.8134	0
48429.11	1	book	1	-2.970996	-0.01672792	82.38504	-2.721762	-0.7425542	278.2319	-2.697607	-0.2913363	279.2232	0
48464.51	1	book	1	-2.928799	0.4994707	92.37999	-2.80806	-0.2590957	288.2416	-2.707283	0.1815217	289.2168	0
48496.98	1	book	1	-2.844672	0.8576834	99.48013	-2.82091	0.09115624	295.3087	-2.663987	0.514852	296.3213	0
48529.04	1	book	1	-2.739358	1.150439	105.4797	-2.799983	0.3884771	301.3479	-2.595527	0.7905636	302.3094	0
48559.01	1	book	1	-2.583859	1.466694	112.2813	-2.734868	0.71788	308.1521	-2.483621	1.092205	309.1263	0
48594.37	1	book	1	-2.401264	1.749783	118.7681	-2.635648	1.022479	314.6382	-2.344048	1.366347	315.6134	0
48626.98	1	book	1	-2.212118	1.983472	124.5792	-2.517804	1.281972	320.4323	-2.194035	1.59625	321.4255	0
48662.5	1	book	1	-2.023292	2.175777	129.763	-2.390176	1.502863	325.6426	-2.040406	1.788539	326.6187	0
48696.7	1	book	1	-1.776516	2.381478	135.9618	-2.213684	1.751663	331.8218	-1.835287	1.998464	332.8098	0
48726.67	1	book	1	-1.522293	2.551484	141.8717	-2.021708	1.969267	337.7276	-1.620024	2.176386	338.7021	0
48760.29	1	book	1	-1.303434	2.669854	146.6672	-1.84975	2.131097	342.5392	-1.432186	2.304343	343.504	0
48793.38	1	book	1	-0.9781776	2.805501	153.4622	-1.584289	2.334748	349.3409	-1.14936	2.457791	350.3119	0
48827.41	1	book	1	-0.6087165	2.907969	160.8575	-1.270426	2.518818	356.736	-0.8231937	2.585331	357.7279	0
48858.72	1	book	1	-0.399245	2.944092	164.961	-1.087145	2.602682	0.8461623	-0.6361466	2.637671	1.81279	0
48891.26	1	book	1	-0.01152265	2.971065	172.4654	-0.738289	2.721791	8.362427	-0.2865436	2.698127	9.307179	0
48924.29	1	book	1	0.2525864	2.960281	177.5576	-0.4936624	2.775686	13.45951	-0.04552516	2.712884	14.41584	0
48957	1	book	1	0.4533316	2.936201	181.4619	-0.3038997	2.802302	17.35443	0.1391059	2.709669	18.31701	0
48990.81	1	book	1	0.5758622	2.91461	183.856	-0.1865343	2.812035	19.76261	0.2523405	2.701473	20.72059	0
49023.04	1	book	1	0.6368588	2.902053	185.0546	-0.1278566	2.814807	20.95078	0.3088919	2.695616	21.91182	0
49055.74	1	book	1	0.7477934	2.875507	187.2627	-0.01997706	2.817149	23.17428	0.4121079	2.681741	24.11663	0
49087.87	1	book	1	0.9319057	2.821205	190.9657	0.1615659	2.812056	26.88323	0.5843287	2.649533	27.82674	0
49120.85	1	book	1	1.116884	2.753294	194.769	0.3484028	2.796612	30.66884	0.7586905	2.605002	31.62156	0
49155	1	book	1	1.366428	2.638329	200.0731	0.6053295	2.752478	35.97396	0.9960935	2.523843	36.92447	0
49186.7	1	book	1	1.634722	2.481092	206.0794	0.889309	2.67376	41.95013	1.254389	2.405915	42.92525	0
49218.94	1	book	1	1.840754	2.332284	210.967	1.114012	2.587688	46.88845	1.455371	2.289893	47.83351	0
49251.88	1	book	1	1.987389	2.208696	214.6811	1.279207	2.510546	50.57264	1.600083	2.191228	51.53017	0
49284.51	1	book	1	2.01805	2.180719	215.4938	1.313723	2.492113	51.37678	1.630544	2.168612	52.32746	0
49318.71	1	book	1	2.044402	2.15591	216.1715	1.343646	2.47557	52.08676	1.656878	2.14866	53.02109	0
49351.42	1	book	1	2.114735	2.086966	218.0751	1.423926	2.429024	53.97919	1.727374	2.092423	54.93278	0
49383.41	1	book	1	2.224592	1.969534	221.1829	1.55273	2.348181	57.07476	1.837957	1.995975	58.03024	0
49416.44	1	book	1	2.45683	1.670848	228.4871	1.838017	2.131629	64.38785	2.076739	1.746252	65.32784	0
49448.95	1	book	1	2.692271	1.25663	237.6871	2.155441	1.810552	73.56828	2.329257	1.391775	74.51836	0
49482.49	1	book	1	2.862775	0.7950196	247.1832	2.427554	1.430145	83.06314	2.527034	0.9881933	84.01954	0
49514.46	1	book	1	2.949486	0.3580041	255.7895	2.614272	1.05104	91.66263	2.646228	0.5993741	92.61808	0
49547.79	1	book	1	2.969709	-0.09227753	264.4763	2.742513	0.6436749	100.367	2.70645	0.1922128	101.3265	0
49580.85	1	book	1	2.930507	-0.489233	272.1821	2.800724	0.2716532	108.0759	2.707736	-0.1722026	109.0259	0
49613.32	1	book	1	2.847592	-0.8477387	279.2839	2.810044	-0.07499075	115.2062	2.665779	-0.5055463	116.1174	0
49646.96	1	book	1	2.701917	-1.23594	287.2799	2.775781	-0.4678574	123.1777	2.569498	-0.8716388	124.1305	0
49679.51	1	book	1	2.500776	-1.604278	295.3829	2.681607	-0.8536936	131.2908	2.420937	-1.224951	132.2379	0
49712.34	1	book	1	2.296532	-1.885186	302.0981	2.563212	-1.159947	137.9851	2.261543	-1.4991	138.9428	0
49744.74	1	book	1	2.094248	-2.10754	307.8904	2.432391	-1.412095	143.7692	2.098506	-1.719931	144.7338	0
49777.92	1	book	1	1.85036	-2.324596	314.1952	2.261316	-1.667794	150.0714	1.897171	-1.939702	151.0191	0
49813.16	1	book	1	1.614786	-2.494023	319.7847	2.087508	-1.879676	155.7057	1.698906	-2.115628	156.6122	0
49843.13	1	book	1	1.592949	-2.508055	320.2791	2.070698	-1.89682	156.1886	1.680295	-2.13028	157.1237	0
49877.23	1	book	1	1.592947	-2.507998	320.2786	2.071243	-1.898337	156.1632	1.680345	-2.130324	157.1115	0
49909.49	1	book	1	1.593012	-2.508055	320.2842	2.071695	-1.899668	156.1948	1.680396	-2.130338	157.1128	0
49942.95	1	book	1	1.619153	-2.491153	319.6791	2.092089	-1.879839	155.6319	1.702595	-2.112634	156.5091	0
49976.48	1	book	1	1.764108	-2.390828	316.2739	2.199562	-1.751698	152.2188	1.824769	-2.008032	153.1232	0
50008.88	1	book	1	1.918616	-2.268729	312.4792	2.310446	-1.601268	148.4203	1.953796	-1.882619	149.3447	0
50041.62	1	book	1	1.996668	-2.200345	310.489	2.365259	-1.520178	146.402	2.018458	-1.813262	147.3455	0
50074.59	1	book	1	2.293367	-1.889129	302.19	2.564911	-1.16927	138.1152	2.259063	-1.503038	139.0341	0
50109.13	1	book	1	2.633654	-1.375583	290.2898	2.75085	-0.615258	126.2364	2.520437	-1.004979	127.1395	0
50142.08	1	book	1	2.759207	-1.102391	284.4961	2.799416	-0.3344715	120.4456	2.609007	-0.7451694	121.3473	0
50174.86	1	book	1	2.844762	-0.8576739	279.4896	2.817289	-0.08886862	115.3969	2.663981	-0.5149579	116.3327	0
50207.34	1	book	1	2.910812	-0.5964289	274.289	2.813131	0.1670744	110.2487	2.699722	-0.2714283	111.1289	0
50240.91	1	book	1	2.957236	-0.2888525	268.2929	2.779471	0.4603043	104.2685	2.713264	0.01227188	105.1415	0
50273.24	1	book	1	2.96283	0.2238624	258.4006	2.662463	0.930711	94.37627	2.670796	0.4785724	95.24217	0
50307.36	1	book	1	2.880198	0.7299552	248.4971	2.46222	1.374552	84.47176	2.548661	0.9307764	85.35863	0
50340.89	1	book	1	2.718071	1.200098	238.8929	2.205188	1.767389	74.86598	2.357759	1.342779	75.74232	0
50372.97	1	book	1	2.524539	1.566658	230.886	1.936624	2.056661	66.86222	2.147921	1.65781	67.75671	0
50405.42	1	book	1	2.393854	1.759942	226.3913	1.768813	2.202045	62.36576	2.011144	1.821213	63.2286	0
50435.4	1	book	1	2.384562	1.772373	226.0892	1.756766	2.211041	62.07661	2.001575	1.831772	62.93302	0
50468.46	1	book	1	2.43619	1.700939	227.7805	1.820209	2.157236	63.74968	2.055019	1.771544	64.63042	0
50500.66	1	book	1	2.620424	1.400592	234.5833	2.063964	1.92694	70.59743	2.250356	1.51576	71.42439	0
50533.78	1	book	1	2.848551	0.8450065	246.1797	2.408626	1.472468	82.14715	2.509263	1.032353	83.02131	0
50566.05	1	book	1	2.941458	0.4196799	254.5944	2.597258	1.104821	90.5707	2.633175	0.654685	91.42146	0
50598.73	1	book	1	2.949563	0.358006	255.781	2.617475	1.050499	91.77274	2.646262	0.5992019	92.64796	0
50632.57	1	book	1	2.949585	0.3580775	255.787	2.616826	1.050525	91.74626	2.646244	0.5992665	92.64288	0
50664.74	1	book	1	2.950286	0.3529162	255.8774	2.618879	1.046124	91.81639	2.647236	0.5947735	92.74542	0
50697.48	1	book	1	2.950181	0.3528583	255.8869	2.619863	1.045984	91.89497	2.64722	0.5947266	92.72959	0
50730.56	1	book	1	2.950184	0.35285	255.896	2.620403	1.045958	91.87557	2.647261	0.59483	92.73501	0
50763.71	1	book	1	2.952003	0.3375397	256.1967	2.625191	1.032321	92.16388	2.650311	0.5809016	93.04462	0
50797.4	1	book	1	2.954314	0.3168542	256.5929	2.636326	1.013562	92.55434	2.654352	0.5623479	93.4579	0
50830.67	1	book	1	2.960315	0.254905	257.7937	2.657751	0.9580839	93.75495	2.665552	0.5066578	94.64223	0
50863.4	1	book	1	2.962839	0.2239203	258.402	2.667367	0.9302824	94.34147	2.670711	0.4788663	95.23309	0
50896.5	1	book	1	2.962827	0.2238889	258.399	2.666882	0.9304156	94.34753	2.670676	0.4789269	95.22816	0
50930.73	1	book	1	2.962878	0.2239904	258.3986	2.66637	0.9305487	94.36969	2.670799	0.4786417	95.2573	0
50964.34	1	book	1	2.962882	0.2238791	258.401	2.665866	0.9306908	94.36388	2.670751	0.4786239	95.2711	0
50994.32	1	book	1	2.962896	0.2238567	258.4149	2.668253	0.9302723	94.39553	2.670818	0.4785163	95.26747	0
51028.18	1	book	1	2.96285	0.2239292	258.4122	2.66865	0.9302704	94.40188	2.67077	0.4785705	95.27999	0
51059.44	1	book	1	2.962816	0.2238908	258.4124	2.668209	0.9304307	94.39369	2.67081	0.4784875	95.27714	0
51092.36	1	book	1	2.962362	0.2290735	258.305	2.667501	0.9348037	94.30189	2.669989	0.4831743	95.18261	0
51125.63	1	book	1	2.960647	0.249789	257.9019	2.660475	0.9535131	93.88722	2.666615	0.5018551	94.77206	0
51158.12	1	book	1	2.960656	0.2497785	257.9186	2.660665	0.9532125	93.89194	2.666544	0.5018604	94.7496	0
51191.72	1	book	1	2.960768	0.2497048	257.9136	2.658142	0.9534738	93.9207	2.666493	0.5020683	94.74506	0
51224.11	1	book	1	2.960765	0.2497618	257.9059	2.658746	0.9533818	93.93328	2.66638	0.5019522	94.76999	0
51257.59	1	book	1	2.960655	0.2497413	257.8981	2.658312	0.9534099	93.93595	2.666392	0.501858	94.77203	0
51291.83	1	book	1	2.960687	0.2498214	257.898	2.657843	0.9534752	93.93597	2.666385	0.5019333	94.77524	0
51323.71	1	book	1	2.960679	0.2497454	257.8989	2.657399	0.9535022	93.9362	2.666367	0.5020077	94.78963	0
51355.77	1	book	1	2.960645	0.249764	257.9019	2.656898	0.9535306	93.95374	2.666366	0.5021679	94.77515	0
51388.58	1	book	1	2.960661	0.2497332	257.8883	2.656099	0.9536552	93.94177	2.666476	0.5021169	94.78215	0
51422.99	1	book	1	2.960701	0.2498264	257.9055	2.659797	0.9532139	93.92776	2.666462	0.5021536	94.7784	0
51455.69	1	book	1	2.960642	0.249754	257.8978	2.659398	0.953248	93.90256	2.666499	0.5019186	94.76254	0
51487.77	1	book	1	2.960601	0.2498007	257.891	2.659005	0.9532592	93.91418	2.666398	0.5021	94.76051	0
51519.87	1	book	1	2.96063	0.2496879	257.8922	2.658603	0.9532478	93.93567	2.666472	0.5020039	94.76178	0
